/****************************
Dice Problem Solution
*****************************/
Dice Possibilities:
Dice
[1][2]	[2][1]
[0 0]	[0 0]
[0 1]	[1 0]
[0 2]	[2 0]
[0 6]	[6 0]
[0 7]	[7 0]
[0 8]	[8 0]
[1 0]	[0 1]
[1 1]	[1 1]
[1 2]	[2 1]
[1 6]	[6 1]
[1 7]	[7 1]
[1 8]	[8 1]
[2 0]	[0 2]
[2 1]	[1 2]
[2 2]	[2 2]
[2 6]	[6 2]
[2 7]	[7 2]
[2 8]	[8 2]
[3 0]	[0 3]
[3 1]	[1 3]
[3 2]	[2 3]
[3 6]	[6 3]
[3 7]	[7 3]
[3 8]	[8 3]
[4 0]	[0 4]
[4 1]	[1 4]
[4 2]	[2 4]
[4 6]	[6 4]
[4 7]	[7 4]
[4 8]	[8 4]
[5 0]	[0 5]
[5 1]	[1 5]
[5 2]	[2 5]
[5 6]	[6 5]
[5 7]	[7 5]
[5 8]	[8 5]
Duplicates removed----
Sorted Numbers:

01
02
03
04
05
06
07
08
09
10
11
12
13
14
15
16
17
18
20
21
22
23
24
25
26
27
28
30
31
